1470 970
16
584.287 922.293 479 879 482 969 688 969 683 872 
247.612 925.992 4 198 969 298 969 298 885 198 881 
1387.19 910.108 6 1321 924 1368 969 1397 967 1448 935 1435 861 1353 855 
936.767 879.827 6 841 876 883 952 981 959 1032 883 987 804 892 803 
1212.33 834 3 1174 890 1283 833 1180 779 
1127 833 3 1057 834 1161 885 1163 780 
1402.33 748.667 3 1375 715 1384 786 1448 745 
1228.61 502.397 4 1158 443 1166 570 1300 562 1290 434 
670.607 433.551 5 591 381 591 487 704 519 768 436 700 346 
37.952 168.328 4 0 193 58 205 78 146 16 131 
132.601 98.1027 6 87 115 120 142 163 130 179 82 142 54 103 65 
41.7209 63.8393 5 17 101 65 99 86 49 39 22 0 48 
248.444 69.1207 5 182 90 251 133 314 81 290 17 208 21 
910.49 77.5541 5 741 137 997 147 1052 72 1018 0 832 12 
987.75 594.75 0 90.6428 2
108.75 678.75 0 87.7817 3
354.75 263.25 0 92.2801 1

